name: orekit_py
channels:
  - conda-forge
  - defaults
dependencies:
  - bottleneck=1.4.2=py313h2cb717b_0
  - brotli-python=1.0.9=py313h5da7b33_9
  - bzip2=1.0.8=h2bbff1b_6
  - ca-certificates=2025.4.26=h4c7d964_0
  - contourpy=1.3.1=py313h214f63a_0
  - cycler=0.11.0=pyhd3eb1b0_0
  - expat=2.7.1=h8ddb27b_0
  - fonttools=4.55.3=py313h827c3e9_0
  - freeglut=3.4.0=hd77b12b_0
  - freetype=2.13.3=h0620614_0
  - icu=73.1=h6c2663c_0
  - intel-openmp=2024.2.1=h57928b3_1083
  - jpeg=9e=h827c3e9_3
  - kiwisolver=1.4.8=py313h5da7b33_0
  - krb5=1.20.1=h5b6d351_0
  - lcms2=2.16=h62be587_1
  - lerc=4.0.0=h5da7b33_0
  - libblas=3.9.0=31_h641d27c_mkl
  - libcblas=3.9.0=31_h5e41251_mkl
  - libdeflate=1.22=h5bf469e_0
  - libffi=3.4.4=hd77b12b_1
  - liblapack=3.9.0=31_h1aa476e_mkl
  - libmpdec=4.0.0=h827c3e9_0
  - libpng=1.6.39=h8cc25b3_0
  - libpq=17.4=h70ee33d_0
  - libtiff=4.7.0=h404307b_0
  - libwebp-base=1.3.2=h3d04722_1
  - lz4-c=1.9.4=h2bbff1b_1
  - matplotlib=3.10.0=py313haa95532_1
  - matplotlib-base=3.10.0=py313h7aa5d4e_1
  - mkl=2024.2.2=h66d3029_15
  - numexpr=2.10.2=mkl_py313hda4395b_0
  - numpy=2.2.6=py313hefb8edb_0
  - openjdk=8.0.412=h57928b3_2
  - openjpeg=2.5.2=h9b5d1b5_1
  - openssl=3.5.0=ha4e3fda_1
  - packaging=24.2=py313haa95532_0
  - pandas=2.2.3=py313h5da7b33_0
  - pillow=11.1.0=py313hea0d53e_1
  - pip=25.1=pyhc872135_2
  - pyparsing=3.2.0=py313haa95532_0
  - pyqt=6.7.1=py313h5da7b33_1
  - pyqt6-sip=13.9.1=py313h827c3e9_1
  - python=3.13.2=hadb2040_100_cp313
  - python-dateutil=2.9.0post0=py313haa95532_2
  - python-tzdata=2025.2=pyhd3eb1b0_0
  - python_abi=3.13=0_cp313
  - pytz=2024.1=py313haa95532_0
  - qtbase=6.7.3=h0804d20_0
  - qtdeclarative=6.7.3=h5da7b33_0
  - qtsvg=6.7.3=hf2fb9eb_0
  - qttools=6.7.3=h0de5f00_0
  - qtwebchannel=6.7.3=h5da7b33_0
  - qtwebsockets=6.7.3=h5da7b33_0
  - setuptools=78.1.1=py313haa95532_0
  - sip=6.10.0=py313h5da7b33_0
  - six=1.17.0=py313haa95532_0
  - sqlite=3.45.3=h2bbff1b_0
  - tbb=2021.8.0=h59b6b97_0
  - tk=8.6.14=h0416ee5_0
  - tornado=6.5=py313h827c3e9_0
  - tzdata=2025b=h04d1e81_0
  - ucrt=10.0.22621.0=h57928b3_1
  - vc=14.42=haa95532_5
  - vc14_runtime=14.42.34438=hfd919c2_26
  - vs2015_runtime=14.42.34438=h7142326_26
  - wheel=0.45.1=py313haa95532_0
  - xz=5.6.4=h4754444_1
  - zlib=1.2.13=h8cc25b3_1
  - zstd=1.5.6=h8880b57_0
  - pip:
      - orekit==13.0.1
      - orekitdata==0.dev0+untagged.82.g7294433
prefix: C:\Users\spin8\anaconda3\envs\orekit_py
